43
13
30
63
45
72
20
64
66
11
72
23
63
9
67
6
1
54
63
50
59
7
48
64
15
78
91
38
30
63
86
69
39
99
21
70
77
79
78
33
9
60
24
91
29
70
15
93
68
24
0
52
99
79
49
26
99
21
32
33
45
14
32
25
46
76
41
27
61
21
52
6
45
43
12
39
48
76
85
84
51
68
10
12
48
100
92
37
15
11
68
48
0
26
16
3
59
90
90
41
80
78
72
9
77
47
63
19
69
17
89
15
3
35
21
74
79
13
25
77
32
48
61
93
70
41
10
71
60
57
35
74
30
10
38
90
100
63
80
83
11
13
92
24
30
77
15
83
13
66
59
0
96
45
9
14
97
0
80
13
85
10
24
34
14
34
15
53
31
3
81
50
14
31
82
19
12
11
2
54
79
6
66
30
75
29
62
95
12
25
57
20
67
91
36
8
20
50
36
75
13
96
11
87
32
6
59
3
82
60
4
8
36
37
30
63
70
12
6
85
49
31
98
15
22
78
31
44
75
96
40
84
22
88
82
48
51
100
2
96
51
89
87
70
51
77
74
44
66
71
38
4
61
69
0
6
96
5
54
58
26
17
14
15
24
58
0
83
68
48
36
28
72
30
20
77
86
85
69
87
83
20
65
56
6
9
29
90
51
72
76
49
5
7
80
9
37
91
55
44
5
72
93
66
39
13
19
70
67
23
30
6
21
78
42
36
99
97
66
64
28
50
85
55
0
41
83
69
41
1
73
12
27
1
17
58
31
22
7
95
73
24
22
17
4
90
63
45
4
65
65
37
47
78
62
71
2
92
2
91
60
52
13
51
11
46
70
51
19
4
27
24
59
50
32
89
27
53
89
66
22
68
75
72
65
14
75
17
79
65
35
40
40
8
95
25
37
31
91
15
86
73
39
58
53
42
85
60
72
14
51
63
24
12
49
71
71
77
26
54
89
83
87
2
56
46
87
50
13
73
14
44
60
92
28
32
36
11
70
23
19
59
90
31
30
15
84
69
38
31
68
60
10
63
60
72
82
4
93
0
38
80
32
40
38
98
94
67
84
50
43
81
43
37
69
43
11
30
32
16
73
23
1
6
42
31
93
88
50
90
55
68
53
62
16
100
58
8
27
90
69
44
83
15
37
53
87
3
20
68
24
61
62
80
98
85
37
55
13
99
55
91
49
42
0
37
94
38
73
21
77
88
82
86
40
26
72
7
8
11
34
73
67
57
7
31
34
34
56
9
70
40
84
98
42
51
45
87
83
3
25
16
91
26
63
8
25
82
2
31
12
26
50
58
32
29
30
8
9
4
33
54
59
94
12
2
38
43
98
82
50
18
43
67
11
31
19
4
82
83
42
23
83
98
28
76
51
10
18
21
75
16
37
5
100
84
45
50
85
53
65
17
56
25
26
71
88
56
50
88
17
20
68
30
27
25
76
65
33
14
44
28
41
68
22
9
4
91
95
19
13
3
56
71
10
77
48
9
67
65
66
62
84
63
25
89
24
78
95
84
1
7
1
32
58
59
11
72
36
73
14
55
86
29
49
96
44
3
55
43
64
27
84
69
24
36
99
2
81
87
15
59
82
37
20
20
80
87
50
73
64
79
71
58
23
45
48
44
95
77
66
73
48
27
40
91
39
28
88
40
46
37
47
83
100
43
3
77
5
79
19
34
28
51
3
26
61
69
31
41
100
26
79
14
48
68
40
82
73
74
0
96
15
74
85
94
77
63
30
48
95
85
15
93
66
20
85
32
70
35
81
38
55
98
74
54
18
10
7
19
57
21
1
44
2
42
24
92
95
97
20
71
32
70
51
44
40
18
28
7
37
90
75
85
5
20
59
48
36
65
94
66
9
27
78
86
56
60
62
87
9
68
37
63
89
78
66
46
63
30
41
31
48
47
51
35
8
13
98
49
87
13
1
32
2
91
2
23
18
29
58
22
12
97
84
69
37
89
36
50
89
85
69
43
24
65
12
30
83
6
29
93
17
68
50
78
93
14
0
99
77
75
8
46
16
98
51
90
2
12
71
35
28
57
76
1
26
35
87
31
66
16
11
39
13
68
72
48
47
1
18
27
74
80
73
5
32
10
68
54
46
70
76
24
77
91
10
26
32
87
16
67
96
88
1
81
34
60
96
65
40
12
15
73
38
54
71
89
85
85
97
1
43
31
38
83
4
57
77
28
58
1
64
34
29
18
67
92
99
55
19
22
36
39
83
84
10
5
19
16
33
74
4
26
4
24
93
73
0
44
51
17
42
53
4
47
53
50
38
95
31
15
76
31
1
66
59
56
80
24
44
26
3
8
77
55
72
13
58
59
16
93
97
12
64
88
78
43
95
22
11
75
91
47
9
99
91
39
46
62
7
52
46
9
57
2
63
2
46
51
94
74
69
28
31
53
68
53
100
45
49
73
35
60
3
8
0
32
82
44
36
49
2
0
17
54
80
59
72
4
14
39
9
73
57
65
44
35
59
81
71
18
94
50
92
97
54
100
82
56
98
28
84
69
47
9
94
45
4
98
27
77
91
7
79
91
17
76
81
58
33
31
85
46
16
85
39
73
90
65
25
93
42
57
41
89
22
66
65
28
76
70
13
18
44
70
40
51
58
71
16
3
79
91
61
80
6
17
60
96
44
37
80
48
51
20
73
58
1
32
27
72
73
58
85
38
73
96
27
75
12
48
33
21
45
33
47
55
66
18
40
35
61
16
79
38
42
61
31
75
8
80
10
7
54
98
33
45
33
29
11
68
76
13
64
39
29
91
17
21
12
70
21
21
78
77
18
49
92
95
26
8
94
58
26
57
13
19
42
12
50
27
95
0
79
19
33
38
8
8
9
55
40
6
89
68
62
62
92
22
59
9
27
9
55
37
23
1
75
56
81
68
4
64
45
70
29
5
67
42
100
73
71
11
35
95
49
7
96
35
